,0
0,0.237
1,0.22399999999999998
2,0.21
3,0.24100000000000002
4,0.207
5,0.22399999999999998
6,0.22
7,0.249
8,0.235
9,0.21899999999999997
10,0.217
11,0.256
12,0.225
13,0.21100000000000002
14,0.20800000000000002
15,0.21899999999999997
16,0.23800000000000002
17,0.235
18,0.21600000000000003
19,0.21600000000000003
20,0.23800000000000002
21,0.23800000000000002
22,0.251
23,0.271
24,0.218
25,0.24100000000000002
26,0.245
27,0.29
28,0.239
29,0.24600000000000002
30,0.262
31,0.23600000000000002
32,0.235
33,0.235
34,0.24600000000000002
35,0.24100000000000002
36,0.24600000000000002
37,0.27399999999999997
38,0.28
39,0.247
40,0.27399999999999997
41,0.226
42,0.262
43,0.24100000000000002
44,0.222
45,0.245
46,0.254
47,0.263
48,0.24
49,0.268
50,0.247
51,0.251
52,0.222
53,0.24100000000000002
54,0.253
55,0.25
56,0.22399999999999998
57,0.261
58,0.275
59,0.27
60,0.254
61,0.27399999999999997
62,0.261
63,0.24
64,0.239
65,0.273
66,0.19899999999999998
67,0.218
68,0.264
69,0.268
70,0.201
71,0.254
72,0.24600000000000002
73,0.292
74,0.259
75,0.235
76,0.21899999999999997
77,0.217
78,0.24
79,0.287
80,0.275
81,0.29600000000000004
82,0.226
83,0.26899999999999996
84,0.259
85,0.243
86,0.287
87,0.255
88,0.245
89,0.267
90,0.223
91,0.28
92,0.27
93,0.23800000000000002
94,0.26899999999999996
95,0.258
96,0.28600000000000003
97,0.252
98,0.262
99,0.253
100,0.239
101,0.27399999999999997
102,0.245
103,0.273
104,0.27899999999999997
105,0.23199999999999998
106,0.231
107,0.271
108,0.257
109,0.248
110,0.261
111,0.28600000000000003
112,0.217
113,0.26899999999999996
114,0.307
115,0.311
116,0.252
117,0.306
118,0.285
119,0.289
120,0.249
121,0.22399999999999998
122,0.261
123,0.28800000000000003
124,0.29
125,0.237
126,0.252
127,0.273
128,0.263
129,0.28600000000000003
130,0.254
131,0.28600000000000003
132,0.23800000000000002
133,0.237
134,0.221
135,0.267
136,0.244
137,0.297
138,0.258
139,0.301
140,0.249
141,0.254
142,0.263
143,0.271
144,0.27399999999999997
145,0.27899999999999997
146,0.27699999999999997
147,0.281
148,0.27899999999999997
149,0.253
150,0.32799999999999996
151,0.306
152,0.27
153,0.284
154,0.294
155,0.272
156,0.263
157,0.314
158,0.27399999999999997
159,0.254
160,0.303
161,0.28600000000000003
162,0.237
163,0.27399999999999997
164,0.25
165,0.266
166,0.299
167,0.26
168,0.28
169,0.297
170,0.254
171,0.263
172,0.273
173,0.319
174,0.28600000000000003
175,0.27899999999999997
176,0.315
177,0.267
178,0.282
179,0.32899999999999996
180,0.299
181,0.265
182,0.268
183,0.254
184,0.304
185,0.321
186,0.312
187,0.29
188,0.278
189,0.255
190,0.25
191,0.252
192,0.28800000000000003
193,0.3
194,0.27
195,0.311
196,0.354
197,0.253
198,0.312
199,0.299
200,0.273
201,0.29
202,0.304
203,0.251
204,0.267
205,0.287
206,0.307
207,0.233
208,0.204
209,0.226
210,0.191
211,0.231
212,0.251
213,0.21
214,0.23399999999999999
215,0.245
216,0.23
217,0.21100000000000002
218,0.254
219,0.215
220,0.22699999999999998
221,0.24100000000000002
222,0.212
223,0.26
224,0.253
225,0.222
226,0.255
227,0.251
228,0.228
229,0.252
230,0.207
231,0.24600000000000002
232,0.218
233,0.23199999999999998
234,0.209
235,0.239
236,0.282
237,0.22899999999999998
238,0.242
239,0.253
240,0.267
241,0.289
242,0.247
243,0.261
244,0.273
245,0.243
246,0.24
247,0.214
248,0.23199999999999998
249,0.25
250,0.276
251,0.233
252,0.27
253,0.264
254,0.228
255,0.275
256,0.20600000000000002
257,0.24
258,0.258
259,0.248
260,0.233
261,0.266
262,0.214
263,0.23800000000000002
264,0.256
265,0.24600000000000002
266,0.289
267,0.231
268,0.272
269,0.26899999999999996
270,0.28800000000000003
271,0.26
272,0.23
273,0.228
274,0.264
275,0.244
276,0.23199999999999998
277,0.251
278,0.24100000000000002
279,0.264
280,0.24600000000000002
281,0.266
282,0.233
283,0.24
284,0.209
285,0.27399999999999997
286,0.254
287,0.254
288,0.26899999999999996
289,0.24600000000000002
290,0.239
291,0.263
292,0.247
293,0.251
294,0.262
295,0.264
296,0.295
297,0.183
298,0.27399999999999997
299,0.284
300,0.28
301,0.21
302,0.27
303,0.217
304,0.266
305,0.255
306,0.24600000000000002
307,0.248
308,0.262
309,0.253
310,0.264
311,0.26
312,0.293
313,0.24600000000000002
314,0.261
315,0.21600000000000003
316,0.27899999999999997
317,0.258
318,0.28600000000000003
319,0.263
320,0.282
321,0.282
322,0.298
323,0.251
324,0.265
325,0.245
326,0.304
327,0.268
328,0.3
329,0.271
330,0.28
331,0.281
332,0.243
333,0.264
334,0.27399999999999997
335,0.25
336,0.318
337,0.262
338,0.28300000000000003
339,0.263
340,0.3
341,0.23800000000000002
342,0.256
343,0.25
344,0.271
345,0.268
346,0.259
347,0.301
348,0.26899999999999996
349,0.24600000000000002
350,0.308
351,0.26899999999999996
352,0.242
353,0.271
354,0.237
355,0.285
356,0.318
357,0.306
358,0.321
359,0.255
360,0.24100000000000002
361,0.27699999999999997
362,0.287
363,0.252
364,0.28
365,0.264
366,0.293
367,0.27899999999999997
368,0.242
369,0.261
370,0.28300000000000003
371,0.301
372,0.248
373,0.268
374,0.215
375,0.311
376,0.312
377,0.249
378,0.299
379,0.263
380,0.22399999999999998
381,0.325
382,0.226
383,0.264
384,0.262
385,0.268
386,0.28600000000000003
387,0.248
388,0.299
389,0.23600000000000002
390,0.299
391,0.336
392,0.25
393,0.289
394,0.29600000000000004
395,0.252
396,0.264
397,0.289
398,0.311
399,0.22
400,0.313
401,0.252
402,0.282
403,0.233
404,0.34700000000000003
405,0.293
406,0.254
407,0.318
408,0.256
409,0.314
410,0.298
411,0.26899999999999996
412,0.34600000000000003
413,0.36700000000000005
414,0.282
415,0.215
416,0.24
417,0.204
418,0.201
419,0.253
420,0.24600000000000002
421,0.222
422,0.23399999999999999
423,0.218
424,0.23399999999999999
425,0.248
426,0.22399999999999998
427,0.248
428,0.23199999999999998
429,0.23600000000000002
430,0.226
431,0.251
432,0.254
433,0.23800000000000002
434,0.242
435,0.257
436,0.242
437,0.248
438,0.261
439,0.24600000000000002
440,0.247
441,0.23399999999999999
442,0.247
443,0.217
444,0.207
445,0.213
446,0.276
447,0.308
448,0.253
449,0.242
450,0.22699999999999998
451,0.247
452,0.251
453,0.263
454,0.25
455,0.231
456,0.23399999999999999
457,0.247
458,0.237
459,0.251
460,0.23600000000000002
461,0.263
462,0.23199999999999998
463,0.28
464,0.267
465,0.237
466,0.253
467,0.256
468,0.26899999999999996
469,0.26
470,0.244
471,0.271
472,0.235
473,0.213
474,0.26899999999999996
475,0.275
476,0.276
477,0.263
478,0.24600000000000002
479,0.24
480,0.243
481,0.237
482,0.27699999999999997
483,0.237
484,0.257
485,0.276
486,0.259
487,0.23800000000000002
488,0.257
489,0.262
490,0.287
491,0.26899999999999996
492,0.25
493,0.258
494,0.25
495,0.244
496,0.247
497,0.23
498,0.275
499,0.25
500,0.264
501,0.307
502,0.243
503,0.251
504,0.278
505,0.237
506,0.272
507,0.252
508,0.268
509,0.242
510,0.24
511,0.233
512,0.254
513,0.239
514,0.278
515,0.23399999999999999
516,0.259
517,0.23
518,0.284
519,0.249
520,0.307
521,0.19399999999999998
522,0.256
523,0.205
524,0.24
525,0.282
526,0.24100000000000002
527,0.27899999999999997
528,0.284
529,0.284
530,0.23399999999999999
531,0.24
532,0.17
533,0.262
534,0.21100000000000002
535,0.257
536,0.275
537,0.24
538,0.259
539,0.278
540,0.25
541,0.247
542,0.271
543,0.261
544,0.28
545,0.23199999999999998
546,0.225
547,0.22
548,0.308
549,0.258
550,0.24
551,0.28300000000000003
552,0.261
553,0.27399999999999997
554,0.29600000000000004
555,0.21100000000000002
556,0.253
557,0.293
558,0.31
559,0.226
560,0.307
561,0.19899999999999998
562,0.268
563,0.316
564,0.239
565,0.243
566,0.265
567,0.258
568,0.306
569,0.251
570,0.187
571,0.26899999999999996
572,0.295
573,0.249
574,0.254
575,0.21899999999999997
576,0.221
577,0.24
578,0.252
579,0.265
580,0.27699999999999997
581,0.22699999999999998
582,0.262
583,0.28600000000000003
584,0.295
585,0.278
586,0.294
587,0.28800000000000003
588,0.297
589,0.26899999999999996
590,0.313
591,0.266
592,0.32
593,0.264
594,0.267
595,0.27399999999999997
596,0.237
597,0.233
598,0.28300000000000003
599,0.265
600,0.285
601,0.306
602,0.284
603,0.272
604,0.321
605,0.287
606,0.314
607,0.326
608,0.239
609,0.266
610,0.298
611,0.297
612,0.256
613,0.289
614,0.315
615,0.302
616,0.28300000000000003
617,0.249
618,0.27399999999999997
619,0.254
620,0.258
621,0.297
622,0.273
623,0.301
624,0.23399999999999999
625,0.26
626,0.302
627,0.276
628,0.34600000000000003
629,0.27699999999999997
630,0.265
631,0.33299999999999996
632,0.305
633,0.23800000000000002
634,0.192
635,0.20600000000000002
636,0.244
637,0.239
638,0.196
639,0.226
640,0.23
641,0.242
642,0.251
643,0.228
644,0.242
645,0.193
646,0.254
647,0.18
648,0.218
649,0.25
650,0.27899999999999997
651,0.247
652,0.231
653,0.261
654,0.228
655,0.251
656,0.235
657,0.248
658,0.22
659,0.19899999999999998
660,0.235
661,0.22899999999999998
662,0.22899999999999998
663,0.251
664,0.244
665,0.252
666,0.24600000000000002
667,0.237
668,0.24600000000000002
669,0.228
670,0.205
671,0.26899999999999996
672,0.222
673,0.218
674,0.254
675,0.244
676,0.268
677,0.268
678,0.263
679,0.198
680,0.27
681,0.23
682,0.28
683,0.242
684,0.26
685,0.245
686,0.237
687,0.254
688,0.249
689,0.29600000000000004
690,0.258
691,0.226
692,0.23600000000000002
693,0.256
694,0.22899999999999998
695,0.273
696,0.278
697,0.276
698,0.23
699,0.267
700,0.248
701,0.256
702,0.23800000000000002
703,0.264
704,0.23600000000000002
705,0.27699999999999997
706,0.265
707,0.267
708,0.23399999999999999
709,0.221
710,0.22899999999999998
711,0.27399999999999997
712,0.24
713,0.212
714,0.239
715,0.273
716,0.242
717,0.263
718,0.256
719,0.259
720,0.264
721,0.256
722,0.192
723,0.292
724,0.254
725,0.275
726,0.22399999999999998
727,0.256
728,0.304
729,0.212
730,0.264
731,0.243
732,0.293
733,0.256
734,0.22699999999999998
735,0.244
736,0.256
737,0.23800000000000002
738,0.271
739,0.233
740,0.237
741,0.289
742,0.254
743,0.256
744,0.255
745,0.226
746,0.243
747,0.21600000000000003
748,0.24100000000000002
749,0.22399999999999998
750,0.235
751,0.223
752,0.294
753,0.22
754,0.228
755,0.23600000000000002
756,0.223
757,0.247
758,0.257
759,0.268
760,0.28600000000000003
761,0.31
762,0.259
763,0.262
764,0.27699999999999997
765,0.249
766,0.284
767,0.267
768,0.348
769,0.27699999999999997
770,0.253
771,0.20600000000000002
772,0.25
773,0.28600000000000003
774,0.282
775,0.276
776,0.27899999999999997
777,0.29600000000000004
778,0.258
779,0.237
780,0.307
781,0.257
782,0.254
783,0.254
784,0.284
785,0.26
786,0.23800000000000002
787,0.287
788,0.264
789,0.282
790,0.221
791,0.298
792,0.24
793,0.299
794,0.218
795,0.271
796,0.23800000000000002
797,0.24100000000000002
798,0.29600000000000004
799,0.306
800,0.254
801,0.324
802,0.212
803,0.239
804,0.215
805,0.259
806,0.284
807,0.252
808,0.322
809,0.302
810,0.27699999999999997
811,0.271
812,0.24
813,0.27399999999999997
814,0.317
815,0.311
816,0.305
817,0.29600000000000004
818,0.27899999999999997
819,0.27699999999999997
820,0.248
821,0.285
822,0.258
823,0.309
824,0.324
825,0.324
826,0.28300000000000003
827,0.273
828,0.302
829,0.38
830,0.35100000000000003
831,0.315
832,0.265
833,0.33299999999999996
834,0.267
835,0.258
836,0.267
837,0.25
838,0.314
839,0.315
840,0.273
841,0.29600000000000004
842,0.28600000000000003
843,0.311
844,0.315
845,0.293
846,0.233
847,0.25
848,0.313
849,0.284
850,0.298
851,0.249
852,0.19399999999999998
853,0.23199999999999998
854,0.265
855,0.235
856,0.19699999999999998
857,0.23800000000000002
858,0.233
859,0.242
860,0.2
861,0.203
862,0.21899999999999997
863,0.254
864,0.245
865,0.24100000000000002
866,0.231
867,0.192
868,0.231
869,0.2
870,0.254
871,0.28300000000000003
872,0.235
873,0.235
874,0.225
875,0.22899999999999998
876,0.248
877,0.24
878,0.237
879,0.22699999999999998
880,0.253
881,0.249
882,0.225
883,0.23600000000000002
884,0.226
885,0.27699999999999997
886,0.271
887,0.257
888,0.207
889,0.24600000000000002
890,0.265
891,0.205
892,0.23800000000000002
893,0.235
894,0.239
895,0.243
896,0.26899999999999996
897,0.245
898,0.267
899,0.255
900,0.237
901,0.226
902,0.24100000000000002
903,0.278
904,0.262
905,0.271
906,0.228
907,0.228
908,0.237
909,0.263
910,0.263
911,0.23600000000000002
912,0.259
913,0.265
914,0.237
915,0.244
916,0.237
917,0.243
918,0.20600000000000002
919,0.198
920,0.287
921,0.251
922,0.254
923,0.295
924,0.24
925,0.263
926,0.23199999999999998
927,0.231
928,0.23800000000000002
929,0.23199999999999998
930,0.268
931,0.231
932,0.235
933,0.188
934,0.233
935,0.248
936,0.266
937,0.243
938,0.249
939,0.221
940,0.24100000000000002
941,0.25
942,0.257
943,0.23800000000000002
944,0.215
945,0.179
946,0.249
947,0.257
948,0.242
949,0.251
950,0.23600000000000002
951,0.259
952,0.272
953,0.258
954,0.255
955,0.275
956,0.24100000000000002
957,0.24
958,0.258
959,0.263
960,0.263
961,0.27
962,0.242
963,0.311
964,0.26
965,0.268
966,0.299
967,0.244
968,0.22
969,0.28300000000000003
970,0.26899999999999996
971,0.259
972,0.278
973,0.261
974,0.251
975,0.263
976,0.25
977,0.21100000000000002
978,0.28800000000000003
979,0.272
980,0.23199999999999998
981,0.258
982,0.289
983,0.22899999999999998
984,0.29600000000000004
985,0.203
986,0.267
987,0.20199999999999999
988,0.28600000000000003
989,0.23199999999999998
990,0.264
991,0.28600000000000003
992,0.28
993,0.258
994,0.25
995,0.262
996,0.247
997,0.254
998,0.266
999,0.278
1000,0.223
1001,0.263
1002,0.24600000000000002
1003,0.268
1004,0.317
1005,0.305
1006,0.233
1007,0.253
1008,0.245
1009,0.275
1010,0.298
1011,0.281
1012,0.239
1013,0.259
1014,0.287
1015,0.23399999999999999
1016,0.259
1017,0.28600000000000003
1018,0.285
1019,0.24
1020,0.275
1021,0.272
1022,0.315
1023,0.312
1024,0.258
1025,0.259
1026,0.299
1027,0.267
1028,0.252
1029,0.259
1030,0.205
1031,0.251
1032,0.275
1033,0.275
1034,0.244
1035,0.263
1036,0.285
1037,0.27
1038,0.259
1039,0.335
1040,0.22899999999999998
1041,0.255
1042,0.261
1043,0.297
1044,0.257
1045,0.344
1046,0.314
1047,0.27699999999999997
1048,0.228
1049,0.23800000000000002
1050,0.254
1051,0.259
1052,0.237
1053,0.252
1054,0.264
1055,0.276
1056,0.289
1057,0.284
1058,0.299
1059,0.293
1060,0.275
1061,0.344
1062,0.253
1063,0.316
1064,0.193
1065,0.184
1066,0.22699999999999998
1067,0.205
1068,0.21600000000000003
1069,0.23199999999999998
1070,0.228
1071,0.185
1072,0.235
1073,0.21899999999999997
1074,0.22
1075,0.21
1076,0.23600000000000002
1077,0.226
1078,0.235
1079,0.26899999999999996
1080,0.239
1081,0.21899999999999997
1082,0.235
1083,0.21600000000000003
1084,0.264
1085,0.23399999999999999
1086,0.273
1087,0.26
1088,0.251
1089,0.233
1090,0.24600000000000002
1091,0.222
1092,0.259
1093,0.282
1094,0.24100000000000002
1095,0.26
1096,0.258
1097,0.268
1098,0.226
1099,0.22399999999999998
1100,0.254
1101,0.221
1102,0.22899999999999998
1103,0.231
1104,0.257
1105,0.248
1106,0.222
1107,0.237
1108,0.247
1109,0.24600000000000002
1110,0.268
1111,0.263
1112,0.261
1113,0.267
1114,0.256
1115,0.272
1116,0.276
1117,0.275
1118,0.264
1119,0.225
1120,0.23399999999999999
1121,0.217
1122,0.235
1123,0.26899999999999996
1124,0.23800000000000002
1125,0.233
1126,0.301
1127,0.248
1128,0.23199999999999998
1129,0.23399999999999999
1130,0.245
1131,0.272
1132,0.263
1133,0.242
1134,0.262
1135,0.20199999999999999
1136,0.24
1137,0.23
1138,0.248
1139,0.249
1140,0.242
1141,0.265
1142,0.266
1143,0.273
1144,0.237
1145,0.24600000000000002
1146,0.253
1147,0.284
1148,0.23600000000000002
1149,0.26899999999999996
1150,0.225
1151,0.281
1152,0.24
1153,0.245
1154,0.26
1155,0.276
1156,0.23800000000000002
1157,0.237
1158,0.249
1159,0.248
1160,0.242
1161,0.27
1162,0.294
1163,0.248
1164,0.23600000000000002
1165,0.22
1166,0.22
1167,0.253
1168,0.249
1169,0.268
1170,0.26
1171,0.275
1172,0.252
1173,0.29100000000000004
1174,0.273
1175,0.235
1176,0.281
1177,0.27399999999999997
1178,0.22699999999999998
1179,0.267
1180,0.21100000000000002
1181,0.24100000000000002
1182,0.253
1183,0.265
1184,0.19899999999999998
1185,0.257
1186,0.226
1187,0.249
1188,0.309
1189,0.228
1190,0.251
1191,0.28
1192,0.284
1193,0.24
1194,0.308
1195,0.245
1196,0.261
1197,0.248
1198,0.271
1199,0.316
1200,0.272
1201,0.26899999999999996
1202,0.255
1203,0.22899999999999998
1204,0.253
1205,0.26
1206,0.22399999999999998
1207,0.268
1208,0.243
1209,0.29100000000000004
1210,0.195
1211,0.271
1212,0.251
1213,0.275
1214,0.265
1215,0.266
1216,0.24600000000000002
1217,0.21
1218,0.23
1219,0.289
1220,0.304
1221,0.254
1222,0.29
1223,0.271
1224,0.293
1225,0.282
1226,0.25
1227,0.263
1228,0.24
1229,0.235
1230,0.27399999999999997
1231,0.255
1232,0.272
1233,0.287
1234,0.303
1235,0.295
1236,0.33299999999999996
1237,0.298
1238,0.258
1239,0.222
1240,0.223
1241,0.289
1242,0.28600000000000003
1243,0.297
1244,0.26
1245,0.273
1246,0.28800000000000003
1247,0.34
1248,0.242
1249,0.322
1250,0.317
1251,0.27899999999999997
1252,0.259
1253,0.2
1254,0.306
1255,0.247
1256,0.315
1257,0.297
1258,0.287
1259,0.278
1260,0.28600000000000003
1261,0.24100000000000002
1262,0.292
1263,0.263
1264,0.342
1265,0.261
1266,0.23800000000000002
1267,0.265
1268,0.28800000000000003
1269,0.313
1270,0.318
1271,0.281
1272,0.273
1273,0.24600000000000002
1274,0.278
1275,0.24
1276,0.28300000000000003
1277,0.311
1278,0.29100000000000004
1279,0.27
1280,0.315
1281,0.262
1282,0.29
1283,0.287
1284,0.331
1285,0.287
1286,0.307
1287,0.311
1288,0.304
1289,0.298
1290,0.33299999999999996
1291,0.305
1292,0.22
1293,0.183
1294,0.24
1295,0.196
1296,0.204
1297,0.225
1298,0.228
1299,0.23600000000000002
1300,0.214
1301,0.245
1302,0.23399999999999999
1303,0.254
1304,0.209
1305,0.209
1306,0.205
1307,0.21600000000000003
1308,0.193
1309,0.239
1310,0.276
1311,0.19399999999999998
1312,0.223
1313,0.263
1314,0.243
1315,0.24
1316,0.225
1317,0.242
1318,0.262
1319,0.265
1320,0.23199999999999998
1321,0.264
1322,0.228
1323,0.26
1324,0.215
1325,0.24600000000000002
1326,0.222
1327,0.228
1328,0.23399999999999999
1329,0.239
1330,0.213
1331,0.235
1332,0.251
1333,0.23
1334,0.281
1335,0.257
1336,0.263
1337,0.212
1338,0.259
1339,0.251
1340,0.278
1341,0.28
1342,0.20199999999999999
1343,0.26899999999999996
1344,0.245
1345,0.248
1346,0.24100000000000002
1347,0.273
1348,0.233
1349,0.26
1350,0.252
1351,0.282
1352,0.282
1353,0.265
1354,0.23800000000000002
1355,0.258
1356,0.266
1357,0.257
1358,0.27
1359,0.265
1360,0.21100000000000002
1361,0.255
1362,0.245
1363,0.254
1364,0.262
1365,0.242
1366,0.247
1367,0.23399999999999999
1368,0.272
1369,0.244
1370,0.268
1371,0.261
1372,0.261
1373,0.23800000000000002
1374,0.285
1375,0.253
1376,0.284
1377,0.266
1378,0.267
1379,0.295
1380,0.282
1381,0.266
1382,0.249
1383,0.255
1384,0.26
1385,0.245
1386,0.26899999999999996
1387,0.27699999999999997
1388,0.253
1389,0.254
1390,0.258
1391,0.28
1392,0.257
1393,0.235
1394,0.299
1395,0.295
1396,0.249
1397,0.218
1398,0.27699999999999997
1399,0.268
1400,0.239
1401,0.23800000000000002
1402,0.264
1403,0.257
1404,0.27399999999999997
1405,0.23399999999999999
1406,0.256
1407,0.24100000000000002
1408,0.266
1409,0.256
1410,0.28
1411,0.247
1412,0.21600000000000003
1413,0.25
1414,0.264
1415,0.272
1416,0.281
1417,0.252
1418,0.24100000000000002
1419,0.275
1420,0.256
1421,0.263
1422,0.281
1423,0.235
1424,0.23199999999999998
1425,0.254
1426,0.244
1427,0.299
1428,0.262
1429,0.272
1430,0.281
1431,0.278
1432,0.249
1433,0.254
1434,0.263
1435,0.327
1436,0.297
1437,0.275
1438,0.305
1439,0.203
1440,0.298
1441,0.34299999999999997
1442,0.264
1443,0.24600000000000002
1444,0.257
1445,0.217
1446,0.297
1447,0.257
1448,0.263
1449,0.24600000000000002
1450,0.289
1451,0.273
1452,0.272
1453,0.285
1454,0.301
1455,0.294
1456,0.292
1457,0.263
1458,0.295
1459,0.243
1460,0.25
1461,0.309
1462,0.307
1463,0.254
1464,0.209
1465,0.245
1466,0.26899999999999996
1467,0.266
1468,0.245
1469,0.276
1470,0.332
1471,0.271
1472,0.294
1473,0.266
1474,0.22
1475,0.281
1476,0.244
1477,0.252
1478,0.264
1479,0.264
1480,0.318
1481,0.303
1482,0.306
1483,0.297
1484,0.26899999999999996
1485,0.239
1486,0.258
1487,0.26899999999999996
1488,0.32299999999999995
1489,0.34299999999999997
1490,0.287
1491,0.292
1492,0.31
1493,0.287
1494,0.278
1495,0.258
1496,0.297
1497,0.285
1498,0.258
1499,0.28300000000000003
1500,0.307
1501,0.27899999999999997
1502,0.324
1503,0.289
1504,0.259
1505,0.322
1506,0.289
1507,0.292
1508,0.27899999999999997
1509,0.389
1510,0.271
1511,0.341
1512,0.284
1513,0.344
1514,0.287
1515,0.20600000000000002
1516,0.192
1517,0.17600000000000002
1518,0.20199999999999999
1519,0.207
1520,0.233
1521,0.228
1522,0.255
1523,0.24
1524,0.245
1525,0.221
1526,0.21
1527,0.22
1528,0.235
1529,0.23600000000000002
1530,0.213
1531,0.252
1532,0.226
1533,0.239
1534,0.254
1535,0.218
1536,0.262
1537,0.252
1538,0.19699999999999998
1539,0.263
1540,0.20600000000000002
1541,0.217
1542,0.23
1543,0.28300000000000003
1544,0.21600000000000003
1545,0.226
1546,0.264
1547,0.249
1548,0.273
1549,0.256
1550,0.25
1551,0.273
1552,0.265
1553,0.23800000000000002
1554,0.252
1555,0.247
1556,0.271
1557,0.223
1558,0.23600000000000002
1559,0.225
1560,0.256
1561,0.281
1562,0.254
1563,0.235
1564,0.23399999999999999
1565,0.24100000000000002
1566,0.239
1567,0.25
1568,0.27
1569,0.217
1570,0.231
1571,0.2
1572,0.28
1573,0.298
1574,0.253
1575,0.266
1576,0.247
1577,0.27399999999999997
1578,0.264
1579,0.303
1580,0.251
1581,0.21
1582,0.293
1583,0.28600000000000003
1584,0.24
1585,0.27399999999999997
1586,0.284
1587,0.25
1588,0.239
1589,0.27399999999999997
1590,0.258
1591,0.198
1592,0.261
1593,0.245
1594,0.271
1595,0.23199999999999998
1596,0.23399999999999999
1597,0.22699999999999998
1598,0.28300000000000003
1599,0.27899999999999997
1600,0.237
1601,0.262
1602,0.268
1603,0.225
1604,0.262
1605,0.282
1606,0.25
1607,0.252
1608,0.207
1609,0.265
1610,0.248
1611,0.29100000000000004
1612,0.264
1613,0.242
1614,0.275
1615,0.21600000000000003
1616,0.221
1617,0.295
1618,0.21899999999999997
1619,0.273
1620,0.276
1621,0.308
1622,0.273
1623,0.247
1624,0.27899999999999997
1625,0.263
1626,0.268
1627,0.252
1628,0.254
1629,0.29
1630,0.264
1631,0.254
1632,0.251
1633,0.266
1634,0.27899999999999997
1635,0.243
1636,0.27899999999999997
1637,0.26
1638,0.284
1639,0.272
1640,0.264
1641,0.195
1642,0.22899999999999998
1643,0.265
1644,0.17800000000000002
1645,0.26899999999999996
1646,0.275
1647,0.303
1648,0.317
1649,0.272
1650,0.26
1651,0.251
1652,0.248
1653,0.27699999999999997
1654,0.299
1655,0.282
1656,0.26
1657,0.262
1658,0.242
1659,0.225
1660,0.262
1661,0.255
1662,0.243
1663,0.259
1664,0.263
1665,0.247
1666,0.29100000000000004
1667,0.31
1668,0.257
1669,0.314
1670,0.237
1671,0.27699999999999997
1672,0.25
1673,0.256
1674,0.282
1675,0.273
1676,0.278
1677,0.18899999999999997
1678,0.252
1679,0.304
1680,0.301
1681,0.28
1682,0.235
1683,0.275
1684,0.248
1685,0.256
1686,0.28300000000000003
1687,0.27699999999999997
1688,0.262
1689,0.266
1690,0.26
1691,0.271
1692,0.307
1693,0.25
1694,0.289
1695,0.313
1696,0.281
1697,0.298
1698,0.33299999999999996
1699,0.341
1700,0.21600000000000003
1701,0.23
1702,0.263
1703,0.267
1704,0.309
1705,0.28800000000000003
1706,0.256
1707,0.261
1708,0.276
1709,0.268
1710,0.27699999999999997
1711,0.243
1712,0.303
1713,0.273
1714,0.272
1715,0.252
1716,0.268
1717,0.28800000000000003
1718,0.3
1719,0.237
1720,0.262
1721,0.255
1722,0.317
1723,0.35200000000000004
1724,0.313
1725,0.314
1726,0.303
1727,0.284
1728,0.312
1729,0.228
1730,0.316
1731,0.272
1732,0.287
1733,0.29100000000000004
1734,0.321
1735,0.264
1736,0.268
1737,0.29100000000000004
1738,0.265
1739,0.303
1740,0.19399999999999998
1741,0.187
1742,0.198
1743,0.179
1744,0.196
1745,0.217
1746,0.20600000000000002
1747,0.222
1748,0.237
1749,0.195
1750,0.235
1751,0.17600000000000002
1752,0.24100000000000002
1753,0.222
1754,0.247
1755,0.221
1756,0.237
1757,0.23800000000000002
1758,0.244
1759,0.19399999999999998
1760,0.223
1761,0.242
1762,0.265
1763,0.259
1764,0.225
1765,0.22
1766,0.191
1767,0.223
1768,0.21100000000000002
1769,0.22899999999999998
1770,0.264
1771,0.24600000000000002
1772,0.255
1773,0.22699999999999998
1774,0.28300000000000003
1775,0.23800000000000002
1776,0.25
1777,0.245
1778,0.239
1779,0.266
1780,0.23199999999999998
1781,0.263
1782,0.213
1783,0.209
1784,0.23800000000000002
1785,0.228
1786,0.214
1787,0.254
1788,0.23800000000000002
1789,0.237
1790,0.263
1791,0.243
1792,0.23800000000000002
1793,0.26
1794,0.198
1795,0.231
1796,0.256
1797,0.252
1798,0.278
1799,0.249
1800,0.244
1801,0.259
1802,0.235
1803,0.243
1804,0.248
1805,0.23600000000000002
1806,0.242
1807,0.226
1808,0.256
1809,0.222
1810,0.252
1811,0.223
1812,0.223
1813,0.25
1814,0.221
1815,0.244
1816,0.23
1817,0.221
1818,0.243
1819,0.217
1820,0.239
1821,0.217
1822,0.253
1823,0.244
1824,0.266
1825,0.259
1826,0.262
1827,0.267
1828,0.268
1829,0.28
1830,0.248
1831,0.242
1832,0.26
1833,0.235
1834,0.23199999999999998
1835,0.28
1836,0.244
1837,0.252
1838,0.266
1839,0.272
1840,0.228
1841,0.264
1842,0.242
1843,0.248
1844,0.261
1845,0.242
1846,0.177
1847,0.247
1848,0.217
1849,0.191
1850,0.213
1851,0.264
1852,0.263
1853,0.25
1854,0.17800000000000002
1855,0.262
1856,0.25
1857,0.23399999999999999
1858,0.272
1859,0.221
1860,0.20199999999999999
1861,0.24600000000000002
1862,0.254
1863,0.265
1864,0.215
1865,0.218
1866,0.28300000000000003
1867,0.285
1868,0.22899999999999998
1869,0.28300000000000003
1870,0.311
1871,0.215
1872,0.264
1873,0.261
1874,0.281
1875,0.272
1876,0.27699999999999997
1877,0.217
1878,0.24
1879,0.26899999999999996
1880,0.193
1881,0.21899999999999997
1882,0.289
1883,0.271
1884,0.26
1885,0.259
1886,0.244
1887,0.221
1888,0.244
1889,0.263
1890,0.23
1891,0.265
1892,0.252
1893,0.263
1894,0.297
1895,0.261
1896,0.287
1897,0.28800000000000003
1898,0.27
1899,0.287
1900,0.25
1901,0.24
1902,0.249
1903,0.255
1904,0.27699999999999997
1905,0.32299999999999995
1906,0.226
1907,0.27699999999999997
1908,0.26
1909,0.29600000000000004
1910,0.263
1911,0.282
1912,0.23199999999999998
1913,0.252
1914,0.257
1915,0.259
1916,0.271
1917,0.29600000000000004
1918,0.226
1919,0.235
1920,0.23
1921,0.301
1922,0.207
1923,0.27
1924,0.242
1925,0.304
1926,0.24600000000000002
1927,0.248
1928,0.245
1929,0.24100000000000002
1930,0.259
1931,0.26899999999999996
1932,0.233
1933,0.255
1934,0.256
1935,0.24
1936,0.32299999999999995
1937,0.307
1938,0.263
1939,0.26
1940,0.254
1941,0.258
1942,0.267
1943,0.316
1944,0.24
1945,0.223
1946,0.294
1947,0.301
1948,0.306
1949,0.35600000000000004
1950,0.267
1951,0.29100000000000004
1952,0.27399999999999997
1953,0.287
1954,0.278
1955,0.265
1956,0.23600000000000002
1957,0.302
